,ENSG00000203883.6,ENSG00000207467.1,ENSG00000183628.12,ENSG00000182450.12,ENSG00000184619.3,ENSG00000199856.2,ENSG00000068137.14,ENSG00000252204.1,ENSG00000169676.5
ENSG00000203883.6,0.0,7.0,14.0,15.0,12.0,9.0,15.0,8.0,11.0
ENSG00000207467.1,7.0,0.0,9.0,10.0,9.0,9.0,10.0,5.0,10.0
ENSG00000183628.12,14.0,9.0,0.0,15.0,14.0,13.0,14.0,9.0,13.0
ENSG00000182450.12,15.0,10.0,15.0,0.0,115.0,11.0,89.0,11.0,14.0
ENSG00000184619.3,12.0,9.0,14.0,115.0,0.0,10.0,156.0,12.0,14.0
ENSG00000199856.2,9.0,9.0,13.0,11.0,10.0,0.0,11.0,7.0,10.0
ENSG00000068137.14,15.0,10.0,14.0,89.0,156.0,11.0,0.0,9.0,12.0
ENSG00000252204.1,8.0,5.0,9.0,11.0,12.0,7.0,9.0,0.0,8.0
ENSG00000169676.5,11.0,10.0,13.0,14.0,14.0,10.0,12.0,8.0,0.0
