,ENSG00000165621.8,ENSG00000259075.6,ENSG00000198113.2,ENSG00000154143.2,ENSG00000222112.1,ENSG00000222078.1,ENSG00000222174.1
ENSG00000165621.8,0.0,81.0,47.0,86.0,14.0,10.0,13.0
ENSG00000259075.6,81.0,0.0,15.0,81.0,10.0,10.0,11.0
ENSG00000198113.2,47.0,15.0,0.0,132.0,10.0,9.0,10.0
ENSG00000154143.2,86.0,81.0,132.0,0.0,10.0,12.0,12.0
ENSG00000222112.1,14.0,10.0,10.0,10.0,0.0,42.0,44.0
ENSG00000222078.1,10.0,10.0,9.0,12.0,42.0,0.0,27.0
ENSG00000222174.1,13.0,11.0,10.0,12.0,44.0,27.0,0.0
