,ENSG00000252822.1,ENSG00000196154.11,ENSG00000198467.13,ENSG00000211895.4,ENSG00000111245.14,ENSG00000200622.1,ENSG00000172238.4,ENSG00000183496.5,ENSG00000242281.3
ENSG00000252822.1,0.0,9.0,10.0,8.0,11.0,6.0,8.0,8.0,8.0
ENSG00000196154.11,9.0,0.0,15.0,12.0,19.0,12.0,13.0,13.0,10.0
ENSG00000198467.13,10.0,15.0,0.0,12.0,130.0,10.0,14.0,12.0,10.0
ENSG00000211895.4,8.0,12.0,12.0,0.0,12.0,8.0,15.0,12.0,10.0
ENSG00000111245.14,11.0,19.0,130.0,12.0,0.0,10.0,13.0,13.0,20.0
ENSG00000200622.1,6.0,12.0,10.0,8.0,10.0,0.0,10.0,9.0,7.0
ENSG00000172238.4,8.0,13.0,14.0,15.0,13.0,10.0,0.0,13.0,11.0
ENSG00000183496.5,8.0,13.0,12.0,12.0,13.0,9.0,13.0,0.0,10.0
ENSG00000242281.3,8.0,10.0,10.0,10.0,20.0,7.0,11.0,10.0,0.0
