,ENSG00000150337.13,ENSG00000273524.1,ENSG00000211891.5,ENSG00000211890.3,ENSG00000211897.8,ENSG00000222107.1,ENSG00000211893.3,ENSG00000211892.3
ENSG00000150337.13,0.0,23.0,13.0,11.0,12.0,13.0,13.0,13.0
ENSG00000273524.1,23.0,0.0,10.0,9.0,9.0,10.0,9.0,9.0
ENSG00000211891.5,13.0,10.0,0.0,13.0,21.0,10.0,21.0,21.0
ENSG00000211890.3,11.0,9.0,13.0,0.0,14.0,9.0,12.0,12.0
ENSG00000211897.8,12.0,9.0,21.0,14.0,0.0,9.0,861.0,811.0
ENSG00000222107.1,13.0,10.0,10.0,9.0,9.0,0.0,9.0,9.0
ENSG00000211893.3,13.0,9.0,21.0,12.0,861.0,9.0,0.0,1411.0
ENSG00000211892.3,13.0,9.0,21.0,12.0,811.0,9.0,1411.0,0.0
