,ENSG00000182687.3,ENSG00000147059.8,ENSG00000165471.6,ENSG00000222976.1,ENSG00000207875.1,ENSG00000199285.1,ENSG00000237247.5,ENSG00000136450.12
ENSG00000182687.3,0.0,11.0,14.0,11.0,8.0,7.0,11.0,12.0
ENSG00000147059.8,11.0,0.0,12.0,10.0,9.0,9.0,12.0,11.0
ENSG00000165471.6,14.0,12.0,0.0,12.0,9.0,9.0,13.0,12.0
ENSG00000222976.1,11.0,10.0,12.0,0.0,6.0,6.0,9.0,10.0
ENSG00000207875.1,8.0,9.0,9.0,6.0,0.0,8.0,8.0,10.0
ENSG00000199285.1,7.0,9.0,9.0,6.0,8.0,0.0,9.0,9.0
ENSG00000237247.5,11.0,12.0,13.0,9.0,8.0,9.0,0.0,13.0
ENSG00000136450.12,12.0,11.0,12.0,10.0,10.0,9.0,13.0,0.0
