,ENSG00000252945.1,ENSG00000240098.3,ENSG00000207162.1,ENSG00000204505.4,ENSG00000222281.1,ENSG00000265753.2,ENSG00000263989.2,ENSG00000076662.9,ENSG00000222378.1
ENSG00000252945.1,0.0,10.0,7.0,10.0,6.0,8.0,10.0,11.0,6.0
ENSG00000240098.3,10.0,0.0,6.0,22.0,7.0,46.0,55.0,19.0,8.0
ENSG00000207162.1,7.0,6.0,0.0,11.0,7.0,7.0,9.0,9.0,7.0
ENSG00000204505.4,10.0,22.0,11.0,0.0,10.0,19.0,22.0,83.0,11.0
ENSG00000222281.1,6.0,7.0,7.0,10.0,0.0,8.0,9.0,12.0,8.0
ENSG00000265753.2,8.0,46.0,7.0,19.0,8.0,0.0,68.0,26.0,7.0
ENSG00000263989.2,10.0,55.0,9.0,22.0,9.0,68.0,0.0,26.0,8.0
ENSG00000076662.9,11.0,19.0,9.0,83.0,12.0,26.0,26.0,0.0,10.0
ENSG00000222378.1,6.0,8.0,7.0,11.0,8.0,7.0,8.0,10.0,0.0
