,ENSG00000060491.16,ENSG00000211896.7,ENSG00000087086.13,ENSG00000263993.2,ENSG00000232810.3,ENSG00000212229.1,ENSG00000165462.5,ENSG00000223101.1
ENSG00000060491.16,0.0,16.0,12.0,27.0,15.0,10.0,104.0,9.0
ENSG00000211896.7,16.0,0.0,14.0,12.0,14.0,8.0,13.0,8.0
ENSG00000087086.13,12.0,14.0,0.0,12.0,13.0,10.0,13.0,8.0
ENSG00000263993.2,27.0,12.0,12.0,0.0,10.0,7.0,20.0,7.0
ENSG00000232810.3,15.0,14.0,13.0,10.0,0.0,9.0,15.0,7.0
ENSG00000212229.1,10.0,8.0,10.0,7.0,9.0,0.0,9.0,7.0
ENSG00000165462.5,104.0,13.0,13.0,20.0,15.0,9.0,0.0,9.0
ENSG00000223101.1,9.0,8.0,8.0,7.0,7.0,7.0,9.0,0.0
