,ENSG00000278590.1,ENSG00000111057.10,ENSG00000281517.1,ENSG00000212496.1,ENSG00000238783.1,ENSG00000240771.6,ENSG00000276955.1,ENSG00000039987.6
ENSG00000278590.1,0.0,11.0,20.0,6.0,7.0,11.0,36.0,28.0
ENSG00000111057.10,11.0,0.0,11.0,9.0,9.0,14.0,10.0,13.0
ENSG00000281517.1,20.0,11.0,0.0,7.0,11.0,41.0,9.0,52.0
ENSG00000212496.1,6.0,9.0,7.0,0.0,8.0,10.0,8.0,11.0
ENSG00000238783.1,7.0,9.0,11.0,8.0,0.0,11.0,7.0,11.0
ENSG00000240771.6,11.0,14.0,41.0,10.0,11.0,0.0,12.0,104.0
ENSG00000276955.1,36.0,10.0,9.0,8.0,7.0,12.0,0.0,10.0
ENSG00000039987.6,28.0,13.0,52.0,11.0,11.0,104.0,10.0,0.0
