,ENSG00000211955.2,ENSG00000211935.3,ENSG00000115317.11,ENSG00000125998.7,ENSG00000211950.2,ENSG00000211951.2
ENSG00000211955.2,0.0,31.0,10.0,11.0,27.0,12.0
ENSG00000211935.3,31.0,0.0,11.0,11.0,144.0,11.0
ENSG00000115317.11,10.0,11.0,0.0,15.0,11.0,10.0
ENSG00000125998.7,11.0,11.0,15.0,0.0,11.0,12.0
ENSG00000211950.2,27.0,144.0,11.0,11.0,0.0,12.0
ENSG00000211951.2,12.0,11.0,10.0,12.0,12.0,0.0
