,ENSG00000177989.13,ENSG00000211716.2,ENSG00000211747.3,ENSG00000211715.1,ENSG00000211753.4,ENSG00000211725.3,ENSG00000211707.3
ENSG00000177989.13,0.0,10.0,11.0,11.0,10.0,9.0,11.0
ENSG00000211716.2,10.0,0.0,9.0,26.0,32.0,36.0,24.0
ENSG00000211747.3,11.0,9.0,0.0,10.0,11.0,10.0,10.0
ENSG00000211715.1,11.0,26.0,10.0,0.0,12.0,275.0,19.0
ENSG00000211753.4,10.0,32.0,11.0,12.0,0.0,15.0,15.0
ENSG00000211725.3,9.0,36.0,10.0,275.0,15.0,0.0,23.0
ENSG00000211707.3,11.0,24.0,10.0,19.0,15.0,23.0,0.0
