,ENSG00000280893.1,ENSG00000184022.3,ENSG00000184709.7,ENSG00000271321.1,ENSG00000102239.4,ENSG00000180549.7
ENSG00000280893.1,0.0,15.0,13.0,11.0,23.0,15.0
ENSG00000184022.3,15.0,0.0,10.0,12.0,11.0,11.0
ENSG00000184709.7,13.0,10.0,0.0,10.0,11.0,13.0
ENSG00000271321.1,11.0,12.0,10.0,0.0,12.0,11.0
ENSG00000102239.4,23.0,11.0,11.0,12.0,0.0,11.0
ENSG00000180549.7,15.0,11.0,13.0,11.0,11.0,0.0
