,ENSG00000276070.4,ENSG00000169704.4,ENSG00000204859.11,ENSG00000274335.1,ENSG00000202182.1,ENSG00000196341.2,ENSG00000251904.1,ENSG00000221867.8,ENSG00000206828.1
ENSG00000276070.4,0.0,14.0,16.0,8.0,10.0,10.0,8.0,11.0,10.0
ENSG00000169704.4,14.0,0.0,14.0,8.0,8.0,11.0,8.0,13.0,9.0
ENSG00000204859.11,16.0,14.0,0.0,11.0,11.0,11.0,11.0,13.0,12.0
ENSG00000274335.1,8.0,8.0,11.0,0.0,6.0,7.0,5.0,9.0,6.0
ENSG00000202182.1,10.0,8.0,11.0,6.0,0.0,10.0,7.0,10.0,7.0
ENSG00000196341.2,10.0,11.0,11.0,7.0,10.0,0.0,8.0,10.0,9.0
ENSG00000251904.1,8.0,8.0,11.0,5.0,7.0,8.0,0.0,9.0,6.0
ENSG00000221867.8,11.0,13.0,13.0,9.0,10.0,10.0,9.0,0.0,9.0
ENSG00000206828.1,10.0,9.0,12.0,6.0,7.0,9.0,6.0,9.0,0.0
