,ENSG00000222335.1,ENSG00000187531.13,ENSG00000165496.4,ENSG00000169469.8,ENSG00000201608.1,ENSG00000188011.5,ENSG00000177427.12
ENSG00000222335.1,0.0,11.0,10.0,8.0,9.0,9.0,11.0
ENSG00000187531.13,11.0,0.0,11.0,13.0,13.0,15.0,59.0
ENSG00000165496.4,10.0,11.0,0.0,11.0,7.0,12.0,11.0
ENSG00000169469.8,8.0,13.0,11.0,0.0,10.0,11.0,11.0
ENSG00000201608.1,9.0,13.0,7.0,10.0,0.0,9.0,9.0
ENSG00000188011.5,9.0,15.0,12.0,11.0,9.0,0.0,15.0
ENSG00000177427.12,11.0,59.0,11.0,11.0,9.0,15.0,0.0
