,ENSG00000212075.1,ENSG00000252257.1,ENSG00000111843.13,ENSG00000252050.1,ENSG00000151615.3,ENSG00000168267.5,ENSG00000132872.11,ENSG00000143536.7
ENSG00000212075.1,0.0,9.0,10.0,9.0,8.0,8.0,10.0,8.0
ENSG00000252257.1,9.0,0.0,9.0,8.0,10.0,8.0,11.0,10.0
ENSG00000111843.13,10.0,9.0,0.0,11.0,12.0,17.0,14.0,14.0
ENSG00000252050.1,9.0,8.0,11.0,0.0,9.0,9.0,12.0,10.0
ENSG00000151615.3,8.0,10.0,12.0,9.0,0.0,20.0,14.0,12.0
ENSG00000168267.5,8.0,8.0,17.0,9.0,20.0,0.0,14.0,12.0
ENSG00000132872.11,10.0,11.0,14.0,12.0,14.0,14.0,0.0,13.0
ENSG00000143536.7,8.0,10.0,14.0,10.0,12.0,12.0,13.0,0.0
